0 0 1.26412429415e-05 1.26412429415e-05
94 1 0.00975807337043 0.00974543212749
189 2 0.0421577315358 0.0323996581653
283 3 0.2035926062 0.161434874664
378 4 0.362403940073 0.158811333873
472 5 0.538139610065 0.175735669991
567 6 0.617854421959 0.0797148118942
661 7 0.692492206385 0.0746377844262
756 8 0.729093109491 0.0366009031055
850 9 0.765465362579 0.0363722530883
945 10 0.786005152094 0.0205397895152
1039 11 0.807020404985 0.0210152528912
1134 12 0.820525723949 0.0135053189633
1228 13 0.834290541299 0.0137648173503
1323 14 0.844246963305 0.00995642200625
1417 15 0.854157948114 0.0099109848092
1512 16 0.86214698126 0.00798903314532
1606 17 0.869853517544 0.00770653628437
1701 18 0.876695327447 0.00684180990281
1795 19 0.883104229366 0.0064089019191
1890 20 0.889277423252 0.00617319388624
1984 21 0.894948948384 0.0056715251317
2079 22 0.900768152127 0.0058192037434
2173 23 0.906094711986 0.00532655985836
2268 24 0.911796394274 0.00570168228828
2362 25 0.91709512107 0.00529872679575
2457 26 0.922885598611 0.00579047754121
2551 27 0.928454177236 0.0055685786253
2646 28 0.934540491695 0.0060863144583
2740 29 0.940693076124 0.00615258442927
2835 30 0.947299456153 0.00660638002876
2930 31 0.954144337275 0.00684488112214
3024 32 0.961708084935 0.00756374766052
3119 33 0.969327815184 0.00761973024919
3213 34 0.977942644964 0.00861482977925
3308 35 0.985989757428 0.00804711246464
3402 36 0.994080774199 0.00809101677078
3497 37 1.00073836441 0.00665759021524
3591 38 1.01275595256 0.0120175881469
3686 39 1.05457963997 0.0418236874057
3780 40 1.2350479636 0.180468323638
3875 41 1.39106481382 0.156016850212
3969 42 1.5556662526 0.16460143878
4064 43 1.62998126046 0.0743150078598
4158 44 1.69988482109 0.0699035606296
4253 45 1.73457243529 0.0346876142056
4347 46 1.76917222655 0.0345997912568
4442 47 1.78893600817 0.0197637816226
4536 48 1.80915912593 0.0202231177619
4631 49 1.82229748719 0.0131383612574
4725 50 1.83565199557 0.0133545083768
4820 51 1.84541627422 0.00976427864985
4914 52 1.8550905815 0.00967430727796
5009 53 1.86297394586 0.00788336436801
5103 54 1.87053328783 0.00755934196916
5198 55 1.87731794198 0.00678465414779
5292 56 1.8836310525 0.00631311051476
5387 57 1.88977778088 0.00614672838933
5482 58 1.89572234097 0.00594456008409
5576 59 1.90120124463 0.00547890365788
5671 60 1.90690973625 0.00570849162101
5765 61 1.91220441193 0.00529467568757
5860 62 1.91789379026 0.00568937832233
5954 63 1.92330615267 0.0054123624086
6049 64 1.9291796993 0.00587354663008
6143 65 1.93501193512 0.005832235828
6238 66 1.9412840526 0.00627211747428
6332 67 1.94786304489 0.00657899229614
6427 68 1.95476196852 0.00689892362723
6521 69 1.96239864206 0.00763667354062
6616 70 1.97007606415 0.00767742208667
6710 71 1.97872659061 0.00865052646603
6805 72 1.98675485982 0.00802826920896
6899 73 1.99465184114 0.00789698131413
6994 74 2.0012449257 0.00659308456576
7088 75 2.01622358421 0.0149786585016
7183 76 2.06823394479 0.0520103605881
7277 77 2.26363460863 0.195400663833
7372 78 2.41546712612 0.15183251749
7466 79 2.57024748468 0.154780358563
7561 80 2.64007044466 0.0698229599766
7655 81 2.70601660028 0.0659461556205
7750 82 2.73911095628 0.0330943559995
7845 83 2.76500219734 0.0258912410615
7939 84 2.79130927172 0.0263070743877
8034 85 2.80728314275 0.0159738710216
8128 86 2.8236683957 0.0163852529546
8223 87 2.83490948537 0.0112410896698
8317 88 2.84625744282 0.0113479574478
8412 89 2.85496613439 0.00870869157433
8506 90 2.86350862415 0.00854248975944
8601 91 2.87076432097 0.00725569681333
8695 92 2.87766550926 0.00690118829061
8790 93 2.88406679221 0.0064012829498
8884 94 2.89000967328 0.00594288107689
8979 95 2.89592944989 0.00591977660855
9073 96 2.90136556684 0.00543611694847
9168 97 2.90706734312 0.00570177628251
9262 98 2.91233830765 0.005270964524
9357 99 2.91803702059 0.00569871294107
9451 100 2.92344301581 0.00540599521881
9546 101 2.92934210633 0.0058990905207
9640 102 2.93518608914 0.00584398280903
9735 103 2.94150135255 0.00631526341364
9829 104 2.94811130934 0.00660995679007
9924 105 2.95507076119 0.00695945185522
10019 106 2.96231081365 0.00724005245904
10113 107 2.97049025081 0.0081794371573
10208 108 2.97844131374 0.00795106292541
10302 109 2.98714815223 0.00870683849668
10397 110 2.99465665456 0.00750850233058
10491 111 3.00143030865 0.00677365408285
10586 112 3.01196342168 0.0105331130356
10680 113 3.0829968335 0.0710334118166
10775 114 3.21791014687 0.134913313371
10869 115 3.43672646248 0.218816315613
10964 116 3.54636029388 0.109633831396
11058 117 3.64856412108 0.102203827199
11153 118 3.69627227004 0.047708148959
11247 119 3.74273871744 0.046466447405
11342 120 3.7676524441 0.0249137266596
11436 121 3.79298155135 0.0253291072511
11531 122 3.80851011654 0.0155285651909
11625 123 3.82439277018 0.0158826536409
11720 124 3.83539922299 0.011006452806
11815 125 3.84520765226 0.00980842926559
11909 126 3.85501147495 0.00980382269731
12004 127 3.86287303235 0.00786155739343
12098 128 3.87049982275 0.00762679040591
12193 129 3.87721195994 0.00671213718392
12287 130 3.88354537926 0.00633341932817
12382 131 3.88956311467 0.00601773540571
12476 132 3.89513515618 0.00557204151175
12571 133 3.90073250548 0.00559734930295
12666 134 3.90615654411 0.00542403862991
12760 135 3.91122014009 0.00506359597492
12855 136 3.9164109579 0.00519081780786
12950 137 3.9214800524 0.00506909450249
13044 138 3.92643636166 0.00495630926096
13139 139 3.93146840712 0.0050320454545
13234 140 3.93649868781 0.00503028069045
13329 141 3.94158520456 0.00508651675574
13424 142 3.94678295408 0.00519774951348
13520 143 3.95149910644 0.00471615236609
13615 144 3.9568987236 0.00539961715904
13710 145 3.96252310573 0.00562438212762
13805 146 3.96837305448 0.00584994875291
13901 147 3.9731606777 0.00478762321842
13996 148 3.97919598534 0.00603530763641
14092 149 3.98384839121 0.00465240587337
14187 150 3.98955354608 0.00570515487414
14283 151 3.99366076945 0.00410722336463
14378 152 3.99813792706 0.00447715760734
14474 153 4.00169127511 0.00355334805539
14570 154 4.00613145086 0.0044401757475
14665 155 4.02460555696 0.0184741060971
14761 156 4.05300101652 0.028395459565
14857 157 4.10246001226 0.0494589957355
14953 158 4.17351668958 0.0710566773228
15049 159 4.25739104075 0.0838743511677
15144 160 4.40767614249 0.150285101745
15240 161 4.47493987194 0.0672637294485
15336 162 4.5311225833 0.0561827113578
15432 163 4.57753446389 0.0464118805881
15528 164 4.61586415307 0.0383296891802
15624 165 4.64768655095 0.0318223978871
15721 166 4.65274382789 0.00505727693434
15817 167 4.67873194808 0.0259881201896
15913 168 4.70069758899 0.0219656409159
16009 169 4.71943480617 0.0187372171812
16105 170 4.7355607327 0.0161259265215
16201 171 4.7495551118 0.0139943791088
16298 172 4.75229183608 0.00273672427824
16394 173 4.76429276085 0.0120009247641
16490 174 4.7748773013 0.0105845404578
16586 175 4.78426954894 0.00939224763528
16683 176 4.78632470533 0.00205515639243
16779 177 4.79457205771 0.00824735238231
16875 178 4.80197754357 0.00740548585114
16972 179 4.80370941735 0.00173187377979
17068 180 4.81029781013 0.00658839277963
17165 181 4.81186764227 0.00156983214515
17261 182 4.81776242072 0.0058947784479
17358 183 4.81919469233 0.00143227161462
17454 184 4.8244974999 0.0053028075645
17551 185 4.82581099984 0.00131349994152
17647 186 4.8306050866 0.00479408676446
17744 187 4.83181597426 0.00121088765593
17840 188 4.83616803746 0.00435206320228
17937 189 4.83729180052 0.00112376306291
18033 190 4.84125243983 0.00396063930134
18130 191 4.84230518683 0.00105274700596
18226 192 4.84590817 0.00360298316812
18323 193 4.8469074485 0.000999278497943
18420 194 4.8478565734 0.000949124907208
18516 195 4.85113323177 0.00327665836656
18613 196 4.85204108961 0.0009078578355
18710 197 4.85290636109 0.000865271484571
18806 198 4.85588557009 0.00297920900294
18903 199 4.85672245058 0.000836880486162
19000 200 4.85752020202 0.000797751437347
19096 201 4.86021640347 0.0026962014511
19193 202 4.8610002155 0.000783812034911
19290 203 4.8617461747 0.000745959193353
19387 204 4.86246154477 0.000715370068377
19483 205 4.86490056036 0.00243901559767
19580 206 4.86561077153 0.000710211164233
19677 207 4.86628955133 0.000678779805696
19774 208 4.86694197576 0.000652424424231
19871 209 4.86757212379 0.00063014802916
19967 210 4.86977000788 0.00219788409572
