#lastfile = 'NeshData/continuum_model6 8-5-2016[16][1].npz'; Load_old_file = False
#nextfile = 'NeshData/continuum_model6 8-5-2016[16][1].npz'; Save_new_file = True
0 0 2.39181108186e-06 2.39181108186e-06
145 1 0.000394970891347 0.000392579080265
291 2 0.000795713473646 0.000400742582299
437 3 0.00120451317031 0.000408799696667
583 4 0.00162373878603 0.000419225615716
729 5 0.00205588121329 0.00043214242726
875 6 0.00250356102808 0.000447679814791
1021 7 0.00296953251696 0.000465971488882
1167 8 0.00345669761211 0.00048716509515
1313 9 0.00396808853318 0.000511390921064
1459 10 0.00450686641544 0.000538777882266
1605 11 0.00507634764323 0.000569481227787
1751 12 0.00567999349498 0.000603645851752
1897 13 0.00632141072535 0.000641417230371
2043 14 0.00700435140894 0.000682940683593
2189 15 0.00773271194998 0.000728360541034
2335 16 0.00851053130511 0.000777819355134
2481 17 0.00934198813101 0.000831456825892
2627 18 0.0102313969532 0.000889408822154
2773 19 0.0111832032362 0.000951806283013
2919 20 0.0122019770146 0.00101877377841
3065 21 0.0132924056104 0.00109042859577
3211 22 0.014459284537 0.00116687892667
3357 23 0.0157075072911 0.00124822275404
3503 24 0.0170420535613 0.00133454627029
3649 25 0.0184679755672 0.00142592200589
3795 26 0.0199903834584 0.00152240789114
3941 27 0.0216144285503 0.0016240450919
4087 28 0.0233452850546 0.0017308565043
4233 29 0.0251881303924 0.00184284533786
4379 30 0.0271481231974 0.001959992805
4525 31 0.0292303823194 0.00208225912197
4671 32 0.0314399603862 0.00220957806674
4817 33 0.0337818197005 0.00234185931431
4963 34 0.0362608045557 0.00247898485519
5109 35 0.0388816165015 0.00262081194585
5255 36 0.0416487809091 0.0027671644076
5401 37 0.044566620292 0.00291783938287
5547 38 0.0476392304782 0.0030726101862
5693 39 0.0508704448692 0.00323121439105
5839 40 0.0542638048372 0.00339335996799
5985 41 0.0578225408463 0.00355873600912
6131 42 0.0615495331394 0.00372699229305
6277 43 0.0654473007747 0.00389776763535
6423 44 0.0695179533241 0.00407065254932
6569 45 0.0737632046384 0.00424525131435
6715 46 0.0781843213362 0.0044211166978
6861 47 0.0827821157008 0.00459779436463
7007 48 0.0875569428023 0.00477482710146
7153 49 0.0925086727871 0.00495172998485
7299 50 0.0976366920067 0.00512801921957
7445 51 0.102939898215 0.00530320620852
7591 52 0.108416704211 0.00547680599546
7737 53 0.114065024778 0.00564832056757
7883 54 0.119882303579 0.00581727880062
8029 55 0.125865514727 0.00598321114784
8175 56 0.132011171123 0.00614565639656
8321 57 0.138315352364 0.00630418124103
8467 58 0.144773710191 0.00645835782679
8613 59 0.151381514407 0.00660780421561
8759 60 0.158133656734 0.00675214232746
8905 61 0.165024689789 0.00689103305501
9051 62 0.172048848874 0.0070241590853
9197 63 0.179200098626 0.00715124975122
9343 64 0.186472144082 0.00727204545655
9489 65 0.193858489161 0.00738634507853
9635 66 0.201352444797 0.00749395563571
9781 67 0.20894719058 0.00759474578358
9927 68 0.216635770599 0.00768858001916
10073 69 0.224411164652 0.0077753940523
10219 70 0.232266299032 0.00785513438055
10365 71 0.240194094824 0.00792779579186
10511 72 0.24818746186 0.00799336703651
10657 73 0.256239369949 0.00805190808882
10803 74 0.264342855506 0.00810348555675
10949 75 0.27249104158 0.00814818607402
11095 76 0.280677160467 0.00818611888732
11241 77 0.288894583793 0.00821742332529
11387 78 0.297136847 0.00824226320708
11533 79 0.305397634872 0.00826078787262
11679 80 0.31367083075 0.00827319587751
11825 81 0.321950512486 0.00827968173566
11971 82 0.330230959448 0.00828044696225
12117 83 0.338506672549 0.00827571310128
12262 84 0.361673017839 0.02316634529
12408 85 0.369882196909 0.00820917906954
12554 86 0.378062980312 0.00818078340309
12700 87 0.386211221933 0.00814824162165
12846 88 0.394323011622 0.00811178968895
12992 89 0.402394664814 0.00807165319191
13138 90 0.410422726666 0.00802806185163
13284 91 0.418403961209 0.00798123454285
13430 92 0.426335353572 0.00793139236353
13576 93 0.434214095751 0.00787874217868
13722 94 0.442037589509 0.00782349375783
13868 95 0.449803433614 0.00776584410535
14014 96 0.45750942046 0.00770598684575
14160 97 0.465153527884 0.00764410742416
14306 98 0.472733911834 0.00758038394972
14452 99 0.480248900313 0.00751498847902
14598 100 0.487696984966 0.00744808465312
14744 101 0.495076813979 0.00737982901282
14890 102 0.502387184649 0.00731037067081
15036 103 0.509627036484 0.007239851835
15182 104 0.516795443527 0.007168407043
15328 105 0.523891607562 0.00709616403465
15474 106 0.530914851238 0.00702324367569
15620 107 0.537864611007 0.00694975976899
15766 108 0.544740430691 0.00687581968464
15912 109 0.551541955176 0.00680152448473
16058 110 0.558268924138 0.00672696896208
16204 111 0.564921166033 0.00665224189468
16350 112 0.571498592396 0.00657742636359
16496 113 0.578001192276 0.00650259987934
16642 114 0.584429027101 0.00642783482506
16788 115 0.590782225249 0.0063531981484
16934 116 0.597060977667 0.00627875241726
17080 117 0.603265532785 0.00620455511859
17226 118 0.60939619248 0.00613065969505
17372 119 0.615453307636 0.00605711515622
17518 120 0.621437274337 0.00598396670043
17664 121 0.627348530007 0.00591125567068
17810 122 0.633187549836 0.005839019829
17956 123 0.638954843486 0.00576729364907
18102 124 0.64465095179 0.00569610830412
18248 125 0.650276443864 0.00562549207416
18394 126 0.655831914155 0.00555547029109
18540 127 0.661317979879 0.00548606572401
18686 128 0.666735278422 0.00541729854308
18832 129 0.672084465088 0.00534918666577
18978 130 0.677366210761 0.0052817456735
19124 131 0.682581199984 0.00521498922251
19270 132 0.687730128888 0.00514892890399
19416 133 0.692813703472 0.00508357458401
19562 134 0.697832637859 0.00501893438675
19708 135 0.702787652761 0.00495501490201
19854 136 0.707679473964 0.00489182120393
20000 137 0.712508831011 0.0048293570465
20146 138 0.717276455877 0.00476762486579
20292 139 0.721983081837 0.00470662596004
20438 140 0.726629442338 0.00464636050162
20584 141 0.73121627 0.00458682766188
20730 142 0.735744295674 0.00452802567415
20876 143 0.740214247569 0.00446995189461
21022 144 0.744626850486 0.00441260291669
21168 145 0.748982825029 0.00435597454344
21314 146 0.753282886987 0.00430006195799
21460 147 0.75752774667 0.00424485968281
21606 148 0.761718108368 0.00419036169816
21752 149 0.765854669823 0.00413656145497
21898 150 0.769938121772 0.00408345194919
22044 151 0.773969147488 0.00403102571548
22190 152 0.777948422428 0.00397927493995
22336 153 0.781876613841 0.00392819141277
22482 154 0.785754380502 0.00387776666139
22628 155 0.789582372379 0.00382799187716
22774 156 0.79336123042 0.00377885804107
22920 157 0.797091586304 0.00373035588422
23066 158 0.800774062256 0.00368247595136
23212 159 0.804409270863 0.00363520860694
23358 160 0.807997814935 0.00358854407258
23504 161 0.811540287377 0.00354247244127
23650 162 0.815037271062 0.00349698368544
23796 163 0.818489338761 0.00345206769947
23942 164 0.821897053055 0.00340771429381
24088 165 0.825260966289 0.00336391323341
24234 166 0.828581620507 0.00332065421813
24380 167 0.831859547455 0.00327792694819
24525 168 0.840383975987 0.00852442853198
24671 169 0.843500295853 0.00311631986636
24817 170 0.8465763412 0.00307604534638
24963 171 0.849612582918 0.00303624171843
25109 172 0.852609481652 0.00299689873364
25255 173 0.855567487866 0.00295800621407
25401 174 0.858487041876 0.00291955401048
25547 175 0.861368573919 0.00288153204227
25693 176 0.864212504207 0.00284393028815
25839 177 0.867019243013 0.00280673880624
25985 178 0.869789190725 0.00276994771187
26131 179 0.872522737931 0.00273354720645
26277 180 0.87522026551 0.00269752757907
26423 181 0.8778821447 0.0026618791893
26569 182 0.880508737205 0.00262659250544
26715 183 0.883100395274 0.00259165806932
26861 184 0.885657461815 0.00255706654056
27007 185 0.888180270464 0.00252280864893
27153 186 0.890669145724 0.00248887525998
27299 187 0.893124403051 0.00245525732672
27445 188 0.895546348951 0.00242194590052
27591 189 0.897935281127 0.00238893217596
27737 190 0.900291488558 0.00235620743041
27883 191 0.902615251638 0.00232376308028
28029 192 0.904906842284 0.00229159064583
28175 193 0.907166524066 0.00225968178199
28321 194 0.909394552343 0.00222802827747
28467 195 0.911591174368 0.00219662202463
28613 196 0.913756629452 0.0021654550838
28759 197 0.915891149067 0.00213451961505
28905 198 0.917994957041 0.00210380797432
29051 199 0.920068269626 0.00207331258491
29197 200 0.92211129573 0.00204302610436
29343 201 0.924124237026 0.00201294129602
29489 202 0.926107288112 0.00198305108623
29635 203 0.928060636698 0.00195334858589
29781 204 0.92998446377 0.00192382707198
29927 205 0.931878943765 0.00189447999469
30073 206 0.933744244763 0.00186530099788
30219 207 0.935580528677 0.00183628391372
30365 208 0.937387951447 0.00180742277016
30511 209 0.939166663279 0.00177871183212
30657 210 0.940916808828 0.00175014554884
30803 211 0.942638527445 0.00172171861718
30949 212 0.944331953425 0.00169342597988
31095 213 0.945997216249 0.00166526282462
31241 214 0.947634440872 0.00163722462224
31387 215 0.949243747967 0.00160930709561
31533 216 0.950825254239 0.00158150627183
31679 217 0.952379072734 0.00155381849473
31825 218 0.953905313164 0.00152624043025
31971 219 0.955404082244 0.00149876908011
32117 220 0.956875484046 0.00147140180223
32263 221 0.958319620398 0.00144413635124
32409 222 0.959736591286 0.00141697088884
32555 223 0.961126495256 0.00138990396968
32701 224 0.962489429894 0.00136293463746
32847 225 0.963825492272 0.0013360623789
32993 226 0.965134779485 0.00130928721262
33139 227 0.966417389152 0.00128260966707
33285 228 0.967673420002 0.00125603085019
33431 229 0.968902972452 0.00122955244922
33577 230 0.970106149249 0.00120317679742
33723 231 0.971283056151 0.0011769069022
33869 232 0.972433802608 0.00115074645669
34015 233 0.973558502535 0.00112469992752
34161 234 0.974657275089 0.00109877255338
34307 235 0.975730245518 0.00107297042877
34453 236 0.976777546058 0.00104730054053
34599 237 0.977799316863 0.00102177080541
34745 238 0.978795707009 0.000996390145332
34891 239 0.97976687553 0.000971168521346
35037 240 0.980712992574 0.000946117043981
35183 241 0.981634240529 0.000921247955347
35329 242 0.982530815318 0.000896574788641
35475 243 0.983402927684 0.000872112365698
35621 244 0.984250804591 0.000847876907471
35767 245 0.985074690702 0.000823886110993
35913 246 0.985874849908 0.000800159205369
36059 247 0.986651566972 0.00077671706407
36205 248 0.987405149257 0.000753582285483
36351 249 0.988135928535 0.000730779277546
36497 250 0.988844262886 0.000708334351742
36643 251 0.989530538716 0.000686275829537
36789 252 0.990195172865 0.000664634148848
36935 253 0.990838614818 0.000643441953429
37080 254 0.991847631907 0.00100901708868
37226 255 0.992413499778 0.000565867871416
37372 256 0.992960928635 0.000547428856322
37518 257 0.993490611664 0.000529683029697
37664 258 0.994003293111 0.00051268144648
37810 259 0.994499771393 0.000496478281775
37956 260 0.994980902338 0.000481130944877
38102 261 0.995447602609 0.000466700271318
38248 262 0.995900853171 0.000453250561918
38394 263 0.996341702912 0.000440849741153
38540 264 0.996771272385 0.000429569473226
38686 265 0.997190757599 0.000419485214138
38832 266 0.997601433978 0.000410676378863
38978 267 0.998004660389 0.000403226410924
39124 268 0.998401883185 0.000397222795584
39270 269 0.998794640427 0.000392757242537
39416 270 0.999184566045 0.000389925617583
39562 271 0.999573394093 0.000388828048017
39708 272 0.999962963023 0.000389568930245
39854 273 1.00035521988 0.000392256857708
40000 274 1.00075222452 0.000397004638728
40146 275 1.00115615374 0.000403929223182
40292 276 1.00156930529 0.000413151543341
40438 277 1.00199410177 0.000424796481525
40584 278 1.00243309428 0.000438992515512
40730 279 1.00288896593 0.000455871646523
40876 280 1.00336453504 0.000475569110904
41022 281 1.0038627578 0.000498222760712
41168 282 1.00438673102 0.000523973223551
41314 283 1.00493969399 0.000552962968925
41460 284 1.0055250297 0.00058533570575
41606 285 1.00614626594 0.000621236244967
41752 286 1.00680707565 0.000660809707767
41898 287 1.00751127596 0.000704200306984
42044 288 1.00826282678 0.000751550822031
42190 289 1.00906582959 0.000803002811665
42336 290 1.00992452137 0.000858691773715
42482 291 1.01084327378 0.00091875241435
42628 292 1.01182658486 0.000983311074833
42774 293 1.012879073 0.00105248814543
42920 294 1.01400546917 0.00112639617163
43066 295 1.01521060608 0.00120513690888
43212 296 1.0164994085 0.0012888024138
43358 297 1.01787688044 0.00137747194736
43504 298 1.01934809138 0.00147121093545
43650 299 1.02091815704 0.00157006565678
43796 300 1.02259222543 0.00167406839688
43942 301 1.02437546266 0.0017832372265
44088 302 1.02627301669 0.0018975540296
44234 303 1.0282900166 0.00201699991379
44380 304 1.03043153195 0.00214151535226
44526 305 1.032702554 0.00227102204758
44672 306 1.03510797024 0.00240541623481
44818 307 1.03765253704 0.00254456680824
44964 308 1.04034085913 0.00268832208354
45110 309 1.0431773508 0.00283649167022
45256 310 1.04616619221 0.00298884140801
45402 311 1.04931134843 0.00314515622239
45548 312 1.05261648261 0.00330513418299
45694 313 1.05608497383 0.00346849122053
45840 314 1.05971988385 0.00363491001821
45986 315 1.06352388429 0.00380400043713
46132 316 1.06749929026 0.00397540597061
46278 317 1.07164800842 0.00414871815934
46424 318 1.07597150148 0.00432349306641
46570 319 1.08047084957 0.00449934809006
46716 320 1.0851466123 0.00467576272933
46862 321 1.08999888182 0.00485226951412
47008 322 1.09502735723 0.00502847541401
47154 323 1.10023110279 0.00520374555407
47300 324 1.10560883266 0.00537772987292
47446 325 1.11115870664 0.00554987397805
47592 326 1.11687845125 0.00571974461343
47738 327 1.12276521913 0.00588676787646
47884 328 1.12881584494 0.00605062580985
48030 329 1.13502662961 0.00621078467708
48176 330 1.14139341102 0.00636678140455
48322 331 1.1479117239 0.00651831287774
48468 332 1.15457668358 0.0066649596813
48614 333 1.16138299651 0.00680631293255
48760 334 1.16832509356 0.00694209704642
48906 335 1.17539712484 0.00707203128019
49052 336 1.18259293593 0.00719581109479
49198 337 1.18990619785 0.00731326191868
49344 338 1.19733033266 0.00742413480651
49490 339 1.20485859035 0.00752825769473
49636 340 1.21248413468 0.00762554432566
49781 341 1.23434306793 0.0218589332582
49927 342 1.24228128863 0.00793822069625
50073 343 1.25028241613 0.00800112750255
50219 344 1.25833946057 0.00805704444019
50365 345 1.26644553257 0.00810607200088
50511 346 1.27459378326 0.0081482506813
50657 347 1.28277758347 0.00818380021479
50803 348 1.29099036306 0.00821277959068
50949 349 1.29922573991 0.00823537685312
51095 350 1.30747751739 0.00825177747794
51241 351 1.31573966452 0.00826214712492
51387 352 1.3240063517 0.00826668718423
51533 353 1.33227197673 0.00826562502868
51679 354 1.34053113443 0.00825915770281
51825 355 1.34877864683 0.00824751239259
51971 356 1.35700956991 0.00823092308872
52117 357 1.36521918574 0.00820961582508
52263 358 1.37340300918 0.00818382344244
52409 359 1.38155677982 0.00815377063878
52555 360 1.38967648377 0.0081197039496
52701 361 1.39775832562 0.00808184185331
52847 362 1.40579873701 0.008040411384
52993 363 1.41379437134 0.00799563433566
53139 364 1.42174210932 0.00794773798032
53285 365 1.42963903604 0.00789692671265
53431 366 1.4374824475 0.00784341145936
53577 367 1.44526984059 0.00778739309294
53723 368 1.45299890785 0.00772906725803
53869 369 1.46066752923 0.00766862138676
54015 370 1.46827376688 0.00760623764893
54161 371 1.47581585775 0.00754209086574
54307 372 1.48329220445 0.00747634669762
54453 373 1.49070137006 0.00740916560994
54599 374 1.49804206951 0.00734069945918
54745 375 1.50531316387 0.00727109435076
54891 376 1.51251365117 0.00720048730551
55037 377 1.51964266176 0.00712901059075
55183 378 1.5266994478 0.00705678603327
55329 379 1.53368338038 0.00698393258517
55475 380 1.54059394062 0.00691056024323
55621 381 1.54743071332 0.00683677269427
55767 382 1.55419338166 0.00676266834654
55913 383 1.56088172008 0.00668833841655
56059 384 1.56749558925 0.00661386917295
56205 385 1.57403493004 0.00653934078491
56351 386 1.58049975832 0.00646482827852
56497 387 1.58689015957 0.00639040125736
56643 388 1.5932062845 0.00631612492788
56789 389 1.59944834359 0.0062420590873
56935 390 1.60561660305 0.0061682594569
57081 391 1.61171138037 0.00609477731905
57227 392 1.61773304051 0.00602166014681
57373 393 1.62368199176 0.00594895125005
57519 394 1.62955868203 0.00587669026652
57665 395 1.63536359577 0.00580491374416
57811 396 1.64109725034 0.00573365456461
57957 397 1.64676019299 0.00566294265684
58103 398 1.65235299813 0.00559280513573
58249 399 1.65787626432 0.00552326619311
58395 400 1.66333061187 0.00545434754622
58541 401 1.66871668036 0.00538606849159
58687 402 1.67403512634 0.00531844598191
58833 403 1.67928662122 0.00525149487891
58979 404 1.68447184926 0.00518522803605
59125 405 1.68959150567 0.00511965640948
59271 406 1.6946462949 0.00505478923105
59417 407 1.69963692901 0.00499063410751
59563 408 1.70456412607 0.00492719706659
59709 409 1.70942860887 0.00486448279895
59855 410 1.71423110344 0.0048024945645
60001 411 1.71897233795 0.00474123451556
60147 412 1.72365304152 0.00468070356629
60293 413 1.72827394316 0.00462090163887
60439 414 1.7328357708 0.00456182764498
60585 415 1.7373392504 0.00450347959969
60731 416 1.74178510509 0.00444585469273
60877 417 1.74617405441 0.00438894931989
61023 418 1.75050681361 0.00433275919949
61169 419 1.754784093 0.00427727938933
61315 420 1.75900659735 0.00422250434838
61461 421 1.76317502533 0.00416842797989
61607 422 1.76729006905 0.00411504372312
61753 423 1.77135241359 0.00406234453197
61899 424 1.77536273655 0.00401032296008
62045 425 1.77932170776 0.00395897121564
62191 426 1.78322998889 0.00390828112927
62336 427 1.79354486159 0.0103148726971
62482 428 1.79726166271 0.003716801118
62628 429 1.8009308855 0.00366922279306
62774 430 1.80455313836 0.00362225286108
62920 431 1.80812902001 0.00357588164621
63066 432 1.81165911941 0.00353009940682
63212 433 1.81514401566 0.00348489624719
63358 434 1.81858427789 0.00344026223115
63504 435 1.82198046521 0.00339618731925
63650 436 1.82533312664 0.00335266142662
63796 437 1.82864280109 0.00330967445319
63942 438 1.83191001733 0.00326721624373
64088 439 1.83513529396 0.00322527662883
64234 440 1.83831913943 0.00318384547001
64380 441 1.84146205202 0.00314291259076
64526 442 1.84456451989 0.00310246786569
64672 443 1.84762702105 0.00306250115887
64818 444 1.85065002344 0.0030230023898
64964 445 1.85363398495 0.0029839615068
65110 446 1.85657935346 0.00294536850953
65256 447 1.85948656686 0.0029072134019
65402 448 1.86235605316 0.00286948630674
65548 449 1.86518823051 0.00283217734426
65694 450 1.86798350722 0.00279527671665
65840 451 1.87074228191 0.00275877468113
65986 452 1.87346494344 0.00272266153041
66132 453 1.8761518711 0.00268692766321
66278 454 1.87880343459 0.00265156349531
66424 455 1.88141999409 0.00261655949754
66570 456 1.88400190031 0.00258190622128
66716 457 1.88654949455 0.00254759423848
66862 458 1.88906310873 0.00251361417821
67008 459 1.89154306543 0.00247995670458
67154 460 1.89398967793 0.00244661249349
67300 461 1.89640325018 0.00241357225025
67446 462 1.89878407686 0.00238082668562
67592 463 1.90113244336 0.00234836649594
67738 464 1.90344862569 0.00231618233283
67884 465 1.90573289052 0.0022842648271
68030 466 1.90798549504 0.00225260451799
68176 467 1.91020668686 0.00222119182445
68322 468 1.91239670396 0.00219001709786
68468 469 1.9145557744 0.00215907044372
68614 470 1.91668411619 0.00212834178967
68760 471 1.91878193699 0.00209782080049
68906 472 1.92084943381 0.00206749681593
69052 473 1.92288679263 0.00203735882189
69198 474 1.92489418796 0.00200739533216
69344 475 1.92687178237 0.0019775944096
69490 476 1.92881972589 0.00194794352024
69636 477 1.93073815545 0.00191842955263
69782 478 1.93262719418 0.00188903873754
69928 479 1.93448695085 0.00185975666142
70074 480 1.93631751913 0.00183056828871
70220 481 1.93811897722 0.0018014580881
70366 482 1.93989138743 0.00177241020975
70512 483 1.94163479606 0.00174340863163
70658 484 1.94334923377 0.00171443770603
70804 485 1.94503471633 0.00168548256414
70950 486 1.94669124608 0.00165652974505
71096 487 1.94831881384 0.00162756775825
71242 488 1.9499174018 0.00159858795934
71388 489 1.9514869868 0.00156958500804
71534 490 1.9530275444 0.00154055759373
71680 491 1.95453905301 0.00151150861427
71826 492 1.9560214979 0.00148244488668
71972 493 1.95747487502 0.00145337712337
72118 494 1.95889919403 0.0014243190073
72264 495 1.96029448 0.00139528596958
72410 496 1.96166077402 0.00136629402107
72556 497 1.96299813276 0.00133735873783
72702 498 1.96430662687 0.00130849411283
72848 499 1.96558633862 0.0012797117509
72994 500 1.96683735971 0.00125102108296
73140 501 1.96805978869 0.00122242898578
73286 502 1.96925372913 0.00119394043696
73432 503 1.97041928827 0.00116555914553
73578 504 1.97155657631 0.00113728803473
73724 505 1.97266570649 0.00110913018528
73870 506 1.97374679568 0.00108108918158
74016 507 1.97479996493 0.00105316925567
74162 508 1.97582534056 0.00102537563032
74308 509 1.9768230555 0.000997714935124
74454 510 1.97779325009 0.000970194590991
74600 511 1.97873607368 0.000942823589696
74746 512 1.9796516852 0.000915611522487
74892 513 1.98054025483 0.000888569630092
75038 514 1.98140196467 0.000861709845253
75184 515 1.9822370101 0.000835045427038
75330 516 1.98304560105 0.00080859094578
75476 517 1.98382796382 0.000782362769655
75623 518 1.98371898763 -0.000108976183242
75769 519 1.9844949146 0.000775926962888
75915 520 1.98524496166 0.000750047063093
76061 521 1.98596939819 0.000724436527889
76207 522 1.98666851403 0.00069911583978
76353 523 1.98734262141 0.000674107383929
76499 524 1.98799205709 0.0006494356752
76645 525 1.98861718233 0.000625125239367
76791 526 1.989218387 0.000601204671739
76937 527 1.98979608992 0.000577702926194
77083 528 1.9903507417 0.000554651771949
77230 529 1.99040161154 5.08698403792e-05
77376 530 1.99095045636 0.000548844822788
77522 531 1.99147691454 0.000526458177092
77668 532 1.99198151684 0.000504602301362
77814 533 1.99246483327 0.000483316429381
77960 534 1.99292747523 0.000462641963168
78106 535 1.99337009866 0.000442623426238
78252 536 1.9937934054 0.000423306745347
78399 537 1.99393102213 0.000137616726192
78545 538 1.99434907996 0.000418057833031
78691 539 1.9947488188 0.000399738841907
78837 540 1.9951310559 0.000382237094527
78983 541 1.99549666516 0.000365609259234
79129 542 1.99584657929 0.000349914131334
79275 543 1.99618179361 0.000335214324878
79422 544 1.99637239647 0.000190602858652
79568 545 1.99670300617 0.000330609694288
79714 546 1.99702028883 0.000317282664014
79860 547 1.99732539211 0.000305103282244
80006 548 1.99761953674 0.000294144628242
80152 549 1.99790402039 0.00028448364867
80299 550 1.99811856505 0.000214544665823
80445 551 1.99839905453 0.000280489475244
80591 552 1.99867163252 0.000272577987857
80737 553 1.99893778136 0.000266148841433
80883 554 1.99919907263 0.000261291266384
81029 555 1.99945717127 0.000258098648715
81176 556 1.99967472484 0.000217553569996
81322 557 1.99992969303 0.000254968181366
81468 558 2.00018366705 0.000253974021348
81614 559 2.0004385317 0.000254864648468
81760 560 2.00069627662 0.000257744925193
81906 561 2.00095899896 0.000262722335606
82053 562 2.00115262546 0.000193626502892
82199 563 2.00141336911 0.000260743649619
82345 564 2.00168181394 0.000268444832955
82491 565 2.00196031209 0.000278498145235
82638 566 2.00212654664 0.000166234550761
82784 567 2.0024034282 0.000276881566833
82930 568 2.00269338109 0.000289952889261
83076 569 2.00299902555 0.000305644453647
83222 570 2.00332311099 0.0003240854453
83369 571 2.00343279391 0.000109682914172
83515 572 2.003756332 0.000323538094449
83661 573 2.0041018114 0.000345479394468
83807 574 2.00447227871 0.000370467312905
83953 575 2.00487092254 0.000398643829953
84100 576 2.00489892125 2.79987099248e-05
84246 577 2.00529846641 0.000399545157507
84392 578 2.00573031261 0.000431846205856
84538 579 2.00619804358 0.000467730964033
84685 580 2.00615377503 -4.42685462758e-05
84831 581 2.00662409746 0.000470322434012
84977 582 2.00713543935 0.000511341881975
85123 583 2.0076922166 0.000556777254815
85270 584 2.00756516206 -0.000127054537074
85416 585 2.00813025257 0.000565090508985
85562 586 2.00874910044 0.000618847863961
85708 587 2.00942661106 0.000677510625565
85854 588 2.01016361051 0.000736999445621
86001 589 2.00987852148 -0.000285089024828
86147 590 2.01058025748 0.000701735999201
86293 591 2.0113154583 0.00073520081753
86440 592 2.01090406855 -0.00041138975314
86586 593 2.0116642517 0.000760183152124
86732 594 2.0125126269 0.000848375202963
86878 595 2.01344273342 0.000930106515625
87025 596 2.01295516671 -0.000487566710149
87171 597 2.01389611678 0.000940950070685
87317 598 2.01491413993 0.00101802315646
87463 599 2.01600292624 0.00108878630817
87610 600 2.01532892272 -0.000674003525432
87756 601 2.01639820852 0.00106928580635
87902 602 2.01756064193 0.00116243341131
88049 603 2.01680266163 -0.000757980306275
88195 604 2.01798512913 0.00118246749901
88341 605 2.01926634405 0.00128121492355
88487 606 2.02065266967 0.00138632561573
88634 607 2.01972674984 -0.000925919829456
88780 608 2.02111080464 0.00138405479879
88926 609 2.02258874797 0.00147794333702
89073 610 2.02153289742 -0.00105585055348
89219 611 2.02301928109 0.00148638367239
89365 612 2.02461439366 0.00159511257198
89512 613 2.02345233427 -0.00116205939196
89658 614 2.02507153341 0.00161919913887
89804 615 2.02680975215 0.00173821874102
89950 616 2.02866142508 0.00185167292454
90097 617 2.02727172371 -0.0013897013622
90243 618 2.02912776563 0.00185604192006
90389 619 2.03110711776 0.00197935212725
90536 620 2.02957968913 -0.00152742863338
90682 621 2.03156598183 0.0019862927054
90828 622 2.03369507456 0.00212909272273
90975 623 2.03205305002 -0.00164202453129
91121 624 2.03419033197 0.0021372819491
91267 625 2.03646309453 0.002272762551
91414 626 2.0346791832 -0.00178391132408
91560 627 2.03696411648 0.00228493327745
91706 628 2.03937696665 0.00241285017523
91852 629 2.04194071297 0.00256374631385
91999 630 2.0398789388 -0.00206177417112
92145 631 2.04246650395 0.00258756515291
92291 632 2.04519463319 0.00272812923743
92438 633 2.04297996521 -0.00221466797348
92584 634 2.04574470035 0.00276473513645
92730 635 2.04864728015 0.0029025797968
92877 636 2.0462506695 -0.00239661064563
93023 637 2.049169118 0.00291844850062
93169 638 2.05225398509 0.00308486708889
93316 639 2.04969940144 -0.00255458365245
93462 640 2.05277939908 0.00307999764527
93608 641 2.05605684956 0.00327745047503
93755 642 2.05337642504 -0.00268042451648
93901 643 2.05661893116 0.003242506123
94048 644 2.05388791308 -0.00273101808807
94194 645 2.05719205775 0.00330414466885
94340 646 2.06063974585 0.00344768810112
94487 647 2.05769991155 -0.00293983429594
94633 648 2.06118120419 0.00348129263432
94779 649 2.06486380687 0.00368260268283
94926 650 2.06179790117 -0.0030659056971
95072 651 2.0653923241 0.00359442293347
95218 652 2.06924792011 0.00385559600659
95365 653 2.06605681238 -0.0031911077283
95511 654 2.06979661229 0.00373979990502
95658 655 2.06651684907 -0.0032797632183
95804 656 2.07045921189 0.00394236282204
95950 657 2.07458930308 0.00413009118995
96096 658 2.07867779402 0.00408849093674
96243 659 2.07504813871 -0.00362965531122
96389 660 2.07930316121 0.00425502250732
96535 661 2.08374692807 0.00444376685311
96682 662 2.07973821433 -0.00400871374029
96829 663 2.0760788893 -0.00365932502564
96975 664 2.08051633226 0.00443744295546
97121 665 2.08517919169 0.0046628594298
97267 666 2.08974792443 0.00456873273959
97414 667 2.08571971975 -0.00402820467696
97561 668 2.0817075688 -0.00401215095314
97707 669 2.08604841487 0.00434084607775
97853 670 2.09085413128 0.00480571640799
97999 671 2.09579495356 0.00494082227738
98146 672 2.09155494078 -0.004240012781
98292 673 2.09628276411 0.00472782333043
98438 674 2.10134435436 0.00506159025474
98585 675 2.09720262958 -0.00414172478168
98731 676 2.10229719755 0.00509456796908
98878 677 2.09767084442 -0.00462635312761
99024 678 2.10258854827 0.00491770385111
99171 679 2.0981300165 -0.00445853177746
99317 680 2.10339625576 0.0052662392593
99463 681 2.10875428743 0.00535803167236
99610 682 2.10416570953 -0.00458857789499
99756 683 2.10936395342 0.0051982438905