0 0 4.99365534581e-05 4.99365534581e-05
31 1 0.00722396734319 0.00717403078973
63 2 0.0172101455522 0.00998617820898
94 3 0.138075657649 0.120865512097
126 4 0.220968728912 0.0828930712625
157 5 0.493339381003 0.272370652091
189 6 0.550961794322 0.0576224133189
220 7 0.674600166484 0.123638372162
252 8 0.701675161153 0.0270749946689
283 9 0.757391287455 0.0557161263019
315 10 0.773312092129 0.0159208046738
346 11 0.803043571327 0.0297314791986
378 12 0.814293945231 0.0112503739043
409 13 0.832309341882 0.0180153966501
441 14 0.841276882392 0.00896754051085
472 15 0.853259597467 0.0119827150747
504 16 0.860983761936 0.00772416446849
535 17 0.869581842173 0.008598080237
567 18 0.876583339493 0.00700149732018
598 19 0.883202138889 0.00661879939599
630 20 0.889775198752 0.0065730598631
661 21 0.895253659711 0.00547846095906
693 22 0.901585157952 0.00633149824052
724 23 0.906489025338 0.00490386738631
756 24 0.912713958598 0.00622493326019
787 25 0.917481349361 0.00476739076306
819 26 0.923712570346 0.00623122098441
850 27 0.928737884123 0.00502531377757
882 28 0.935084625004 0.00634674088094
913 29 0.940772841908 0.0056882169037
945 30 0.947352228452 0.00657938654469
976 31 0.954139353261 0.00678712480873
1008 32 0.961072031227 0.00693267796631
1039 33 0.969319741263 0.00824771003587
1071 34 0.976654525642 0.00733478437859
1102 35 0.985976795421 0.00932226977875
1134 36 0.993318347261 0.0073415518404
1165 37 1.00072163634 0.00740328908392
1197 38 1.00753139692 0.00680976057138
1228 39 1.05435795428 0.0468265573613
1260 40 1.10726658407 0.0529086297893
1291 41 1.39067456655 0.283407982485
1323 42 1.46460896316 0.0739343966079
1354 43 1.6298738244 0.165264861237
1386 44 1.66355917391 0.033685349517
1417 45 1.7345454512 0.0709862772904
1449 46 1.75287186488 0.0183264136775
1480 47 1.78893093574 0.0360590708609
1512 48 1.80117954215 0.0122486064073
1543 49 1.82229929592 0.0211197537736
1575 50 1.83171055219 0.00941125626607
1606 51 1.84542053267 0.0137099804819
1638 52 1.8533341303 0.00791359762354
1669 53 1.86297924517 0.00964511487852
1701 54 1.87003839856 0.00705915338912
1732 55 1.87732385525 0.00728545668905
1764 56 1.88387859672 0.00655474146486
1795 57 1.88978421571 0.00590561899004
1827 58 1.89604852202 0.0062643063168
1858 59 1.90120819924 0.00515967722115
1890 60 1.90733007133 0.00612187208603
1921 61 1.91221184857 0.00488177724214
1953 62 1.91830911185 0.00609726327522
1984 63 1.92331388094 0.00500476909331
2016 64 1.92949547332 0.00618159237627
2047 65 1.93501943993 0.00552396661621
2079 66 1.94139931351 0.0063798735779
2110 67 1.94786919547 0.00646988196262
2142 68 1.95456971812 0.00670052264084
2173 69 1.9624012884 0.00783157028314
2205 70 1.96951415381 0.00711286541275
2236 71 1.97872291042 0.00920875660779
2268 72 1.98607845437 0.00735554395156
2299 73 1.99464445006 0.0085659956852
2331 74 2.00124921926 0.00660476920072
2362 75 2.01610276199 0.0148535427314
2394 76 2.03914603554 0.023043273549
2425 77 2.2626882722 0.223542236664
2457 78 2.35049776631 0.0878094941062
2488 79 2.56989508107 0.219397314767
2520 80 2.61330597283 0.0434108917573
2551 81 2.70592380102 0.0926178281923
2583 82 2.72774594447 0.0218221434477
2614 83 2.77218165861 0.0444357141428
2646 84 2.78589748737 0.0137158287514
2678 85 2.79880950615 0.0129120187854
2709 86 2.82097887026 0.0221693641047
2741 87 2.8308076008 0.00982873054687
2772 88 2.84498537566 0.014177774853
2804 89 2.85320287424 0.00821749858807
2835 90 2.86304004738 0.00983717313201
2867 91 2.87034180231 0.00730175493793
2898 92 2.87767246453 0.0073306622194
2930 93 2.8844316205 0.00675915596959
2961 94 2.89029553071 0.00586391020325
2993 95 2.89673695009 0.00644141938042
3024 96 2.90179724005 0.00506028996509
3056 97 2.90807395786 0.00627671780443
3087 98 2.91281224161 0.00473828375895
3119 99 2.91904388129 0.00623163967451
3150 100 2.92386529726 0.00482141597102
3182 101 2.9301605013 0.00629520404408
3213 102 2.93545930409 0.00529880278562
3245 103 2.94193040421 0.0064711001156
3276 104 2.94812927173 0.00619886752472
3308 105 2.95489770712 0.00676843539264
3339 106 2.96242268852 0.00752498139511
3371 107 2.96958926239 0.00716657387582
3402 108 2.97855600298 0.00896674058298
3434 109 2.98601060295 0.00745459997366
3465 110 2.99478747919 0.00877687623583
3497 111 3.00161358829 0.00682610910566
3528 112 3.01197327444 0.0103596861528
3560 113 3.02844647675 0.0164732023016
3591 114 3.21593760193 0.187491125182
3623 115 3.30513621712 0.0891986151952
3654 116 3.54546770087 0.240331483745
3686 117 3.59346711994 0.0479994190726
3717 118 3.69611713692 0.102650016978
3749 119 3.71960988446 0.0234927475422
3780 120 3.76777366571 0.0481637812443
3812 121 3.78218758611 0.0144139204008
3843 122 3.80877369657 0.0265861104602
3875 123 3.81924097043 0.0104672738654
3906 124 3.83576536702 0.016524396584
3938 125 3.8442501973 0.00848483027966
3969 126 3.85547280644 0.0112226091393
4001 127 3.8628594515 0.00738664506468
4032 128 3.8710663717 0.0082069202018
4064 129 3.87781031357 0.00674394186355
4095 130 3.88424659247 0.00643627890898
4127 131 3.89061189941 0.00636530693176
4158 132 3.89603958601 0.00542768660449
4190 133 3.90219857658 0.00615899056677
4221 134 3.90714582587 0.00494724928924
4253 135 3.91322683908 0.00608101321004
4284 136 3.91811542383 0.00488858475242
4316 137 3.92422927757 0.00611385373983
4347 138 3.92945052671 0.00522124914292
4379 139 3.93570744643 0.00625691971456
4410 140 3.94167121614 0.00596376970898
4442 141 3.94819047074 0.00651925460494
4473 142 3.9553327648 0.00714229405676
4505 143 3.96223133188 0.00689856708715
4536 144 3.97085165963 0.00862032774464
4568 145 3.97813695609 0.00728529646258
4599 146 3.9874885912 0.00935163510579
4631 147 3.99458606565 0.00709747445615
4662 148 4.00167898657 0.0070929209115
4694 149 4.00959421115 0.00791522458303
4725 150 4.09645411354 0.0868599023887
4757 151 4.16918613863 0.0727320250926
4788 152 4.45296983859 0.283783699957
4820 153 4.51647576846 0.0635059298751
4852 154 4.56995148101 0.0534757125519
4883 155 4.68442273135 0.114471250332
4915 156 4.70999087867 0.0255681473288
4946 157 4.76240517437 0.0524142956997
4978 158 4.77773392968 0.0153287553059
5009 159 4.80606891587 0.0283349861893
5041 160 4.81703807983 0.0109691639636
5072 161 4.83436155842 0.0173234785829
5104 162 4.84317187239 0.00881031397398
5135 163 4.85477130764 0.0115994352476
5167 164 4.86239443672 0.0076231290812
5198 165 4.87076499173 0.00837055501398
5230 166 4.87769328236 0.00692829063092
5261 167 4.88417334478 0.00648006241531
5293 168 4.89068784519 0.00651450041255
5324 169 4.89608438186 0.00539653667181
5356 170 4.90236544767 0.00628106580689
5387 171 4.90722841399 0.00486296631667
5419 172 4.91340782459 0.00617941060472
5450 173 4.91816804301 0.00476021841834
5482 174 4.92435729988 0.00618925687084
5513 175 4.92940697821 0.00504967832723
5545 176 4.9357151411 0.00630816289362
5576 177 4.9414600879 0.0057449468018
5608 178 4.94800460564 0.0065445177319
5639 179 4.95488056407 0.00687595843303
5671 180 4.96178076427 0.00690020020014
5702 181 4.97013068952 0.00834992525608
5734 182 4.97742292112 0.00729223159121
5765 183 4.98675105939 0.00932813827731
5797 184 4.99398451 0.00723345060601
5828 185 5.00120719597 0.00722268597144
5860 186 5.00819102436 0.00698382839158
5891 187 5.06632885231 0.0581378279458
5923 188 5.12596062577 0.0596317734624
5954 189 5.41215018025 0.286189554479
5986 190 5.48247542519 0.0703252449433
6017 191 5.63854835526 0.156072930067
6049 192 5.67059372109 0.0320453658285
6080 193 5.73826795589 0.0676742348033
6112 194 5.75594476756 0.0176768116656
6143 195 5.79070753309 0.034762765529
6175 196 5.80263017463 0.0119226415439
6206 197 5.82315207878 0.0205219041495
6238 198 5.83236233158 0.00921025279618
6269 199 5.84575981084 0.0133974792639
6301 200 5.85352983832 0.0077700274752
6332 201 5.86299542868 0.00946559035975
6364 202 5.86994213126 0.00694670258861
6395 203 5.87711589335 0.00717376208763
6427 204 5.88357822495 0.00646233159367
6458 205 5.88940859571 0.00583037076953
6490 206 5.89559599662 0.00618740090317
6521 207 5.90070026177 0.00510426515623
6553 208 5.90675945189 0.00605919011923
6585 209 5.91301815855 0.0062587066534
6616 210 5.91764570027 0.00462754172455
6648 211 5.92389005472 0.0062443544507
6679 212 5.92876108811 0.0048710333833
6711 213 5.93509892402 0.00633783591675
6742 214 5.94061548764 0.00551656361594
6774 215 5.94716208068 0.00654659303865
6805 216 5.95375789935 0.00659581867677
6837 217 5.96063347906 0.00687557970994
6868 218 5.9686843874 0.00805090833609
6900 219 5.97594799878 0.00726361137768
6931 220 5.98516844338 0.00922044460509
6963 221 5.99247973645 0.00731129306362
6994 222 6.00003409928 0.00755436283706
7026 223 6.0066209643 0.006586865017
7057 224 6.04343547356 0.036814509256
7089 225 6.08880977338 0.0453742998204
7120 226 6.36530531326 0.276495539887
7152 227 6.44252656409 0.0772212508277
7183 228 6.61837581738 0.17584925329
7215 229 6.65369118982 0.035315372443
7246 230 6.72869226016 0.0750010703363
7278 231 6.74752472394 0.0188324637838
7309 232 6.78517105683 0.0376463328868
7341 233 6.79754174206 0.0123706852327
7372 234 6.81938487142 0.0218431293555
7404 235 6.82876162431 0.009376752891
7435 236 6.84282420766 0.0140625833473
7467 237 6.85062713822 0.00780293055749
7498 238 6.86042972339 0.00980258517009
7530 239 6.86733780543 0.00690808204328
7562 240 6.87429564932 0.00695784389444
7593 241 6.881035255 0.00673960567579
7625 242 6.88745993379 0.00642467879575
7656 243 6.8929486339 0.00548870010826
7688 244 6.8990333161 0.00608468219338
7719 245 6.90387011022 0.00483679412503
7751 246 6.90974880582 0.00587869560056
7782 247 6.91438004738 0.00463124156164
7814 248 6.92016206105 0.00578201366287
7845 249 6.92496911342 0.00480705237069
7877 250 6.93076255012 0.00579343670336
7908 251 6.93611239912 0.00534984900312
7940 252 6.94204452101 0.00593212188326
7972 253 6.94815336668 0.0061088456761
8003 254 6.95453565322 0.00638228653804
8035 255 6.96081235295 0.00627669972889
8066 256 6.96867715062 0.00786479766572
8098 257 6.97517223829 0.00649508767157
8129 258 6.98404137251 0.00886913422238
8161 259 6.99040911911 0.00636774660416
8193 260 6.99659521428 0.00618609517068
8224 261 7.00298114209 0.00638592780209
8256 262 7.01008099846 0.00709985637226
8288 263 7.02161204501 0.0115310465477
8319 264 7.17709516299 0.155483117987
8351 265 7.2631941718 0.0860990088017
8383 266 7.34960398806 0.0864098162677
8414 267 7.56916918085 0.219565192783
8446 268 7.61114244918 0.0419732683368
8478 269 7.64631720395 0.0351747547719
8509 270 7.72341929954 0.0771020955909
8541 271 7.74101421957 0.0175949200272
8573 272 7.75652805062 0.0155138310508
8605 273 7.7703935807 0.0138655300789
8636 274 7.79921739293 0.0288238122253
8668 275 7.80818511358 0.00896772065067
8700 276 7.81643162376 0.00824651018326
8732 277 7.82410278945 0.00767116568551
8764 278 7.83129157096 0.00718878150929
8795 279 7.84358605462 0.0122944836646
8827 280 7.84905446454 0.00546840991689
8859 281 7.85422383368 0.00516936914067
8891 282 7.85915128572 0.00492745203979
8923 283 7.86387212323 0.00472083751282
8955 284 7.86840911484 0.00453699161079
8986 285 7.87411863263 0.00570951779258
9018 286 7.87794382885 0.00382519621951
9050 287 7.88161949675 0.00367566790118
9082 288 7.88517226298 0.00355276622668
9114 289 7.88861952066 0.00344725767593
9146 290 7.89197307044 0.00335354978199
9178 291 7.89524131295 0.0032682425101
9210 292 7.89843063025 0.00318931729851
9241 293 7.90135945058 0.00292882033222
9273 294 7.90432592546 0.00296647488221
9305 295 7.90722324092 0.00289731545581
9337 296 7.91006458382 0.00284134290109
9369 297 7.91286014671 0.00279556289212
9401 298 7.91561820747 0.00275806075371
9433 299 7.91834581241 0.00272760494175
9465 300 7.92104926827 0.00270345586159
9497 301 7.9237344696 0.00268520133557
9529 302 7.92640710418 0.00267263457448
9561 303 7.92907283033 0.0026657261489
9593 304 7.93173736233 0.00266453199822
9625 305 7.93440653873 0.00266917639942
9657 306 7.93708637797 0.00267983924158
9689 307 7.9397830671 0.00269668913023
9721 308 7.94250297227 0.00271990517314
9753 309 7.94525259248 0.00274962020512
9785 310 7.94803847226 0.00278587978852
9817 311 7.9508671065 0.00282863423337
9849 312 7.95374473087 0.00287762437074
9881 313 7.95667706295 0.00293233208396
9913 314 7.95966892415 0.00299186119929
9945 315 7.96272365924 0.00305473508922
9977 316 7.96584239255 0.00311873331071
10009 317 7.96902293105 0.00318053850009
10041 318 7.97225828015 0.00323534909836
10073 319 7.97553468847 0.00327640832478
10105 320 7.97882904594 0.00329435746193
10137 321 7.98210582203 0.00327677609818
10169 322 7.98531391371 0.00320809167221
10201 323 7.98838492691 0.00307101320379
10234 324 7.98834383476 -4.10921464322e-05
10266 325 7.99141899187 0.00307515710995
10298 326 7.99435155903 0.00293256715293
10330 327 7.99706691197 0.00271535293894
10362 328 7.99951572533 0.00244881336022
10394 329 8.00176228175 0.0022465564216
10426 330 8.004199128 0.00243684625451
10458 331 8.00801149186 0.00381236386232
10490 332 8.01601093752 0.00799944566023
10522 333 8.03357879924 0.0175678617142
10555 334 8.01464357732 -0.0189352219154
10587 335 8.02542080213 0.010777224805
10619 336 8.04855721697 0.0231364148394
10651 337 8.09143936912 0.0428821521532
10683 338 8.15666355003 0.0652241809128
10715 339 8.23745194032 0.0807883902868
10747 340 8.32169623759 0.0842442972744
10779 341 8.399714945 0.0780187074026
10812 342 8.27371210792 -0.126002837078
10844 343 8.35635569748 0.0826435895645
10876 344 8.43056415039 0.0742084529022
10908 345 8.49369589793 0.0631317475411
10940 346 8.54607018146 0.0523742835315
10972 347 8.58914589964 0.0430757181857
11005 348 8.5184306677 -0.0707152319476
11037 349 8.56695890296 0.0485282352676
11069 350 8.6068894039 0.0399305009338
11101 351 8.63984624506 0.0329568411655
11133 352 8.66721499236 0.0273687472982
11165 353 8.69009753442 0.0228825420552
11198 354 8.65409583724 -0.0360016971773
11230 355 8.67955729113 0.025461453891
11262 356 8.70096137126 0.0214040801266
11294 357 8.71909915112 0.0181377798578
11326 358 8.7345692453 0.0154700941833
11358 359 8.74781013337 0.0132408880704
11391 360 8.72819544003 -0.0196146933395
11423 361 8.74275222259 0.0145567825599
11455 362 8.7553256987 0.0125734761074
11487 363 8.76623067577 0.0109049770763
11520 364 8.75054591643 -0.0156847593393
11552 365 8.76236596347 0.0118200470384
11584 366 8.77268975943 0.0103237959609
11616 367 8.78174427692 0.00905451748815
11648 368 8.78968582293 0.0079415460051
11681 369 8.77884965213 -0.0108361707968
11713 370 8.7874056514 0.00855599926598
11745 371 8.79498318439 0.00757753299371
11777 372 8.80169415718 0.00671097278712
11809 373 8.80759229418 0.00589813700651
11842 374 8.80000701252 -0.00758528166227
11874 375 8.80639535681 0.00638834428554
11906 376 8.81209957284 0.00570421603305
11938 377 8.81715017536 0.00505060251629
11971 378 8.81088979771 -0.00626037764823
12003 379 8.81631260853 0.00542281081954
12035 380 8.82118800015 0.00487539162481
12067 381 8.82552608092 0.00433808077082
12100 382 8.8203559112 -0.00517016972248
12132 383 8.82498885837 0.00463294717474
12164 384 8.82917691249 0.00418805411954
12196 385 8.83291102871 0.0037341162174
12229 386 8.82864109203 -0.0042699366789
12261 387 8.83262325233 0.00398216029555
12293 388 8.83623618862 0.00361293629521
12325 389 8.83945103839 0.00321484976826
12358 390 8.83593302213 -0.00351801625993
12390 391 8.83937488292 0.00344186078684
12422 392 8.84250042604 0.00312554311745
12454 393 8.84525794687 0.00275752083377
12487 394 8.84238350054 -0.00287444633466
12519 395 8.84537204365 0.00298854311626
12551 396 8.84807597857 0.00270393491957
12584 397 8.84528763377 -0.00278834480105
12616 398 8.84811628088 0.00282864711204
12648 399 8.85071788409 0.00260160321136
12680 400 8.85304393487 0.002326050779
12713 401 8.85075732214 -0.00228661273258
12745 402 8.85323197027 0.00247464812895
12777 403 8.85549283901 0.00226086873965
12809 404 8.85745889971 0.00196606070017
12842 405 8.85564263661 -0.0018162630962
12874 406 8.85781018119 0.00216754457591
12906 407 8.85975379559 0.00194361440191
12939 408 8.85796258855 -0.00179120703524
12971 409 8.86002212151 0.00205953295546
13003 410 8.86190892657 0.00188680505977
13035 411 8.8635278605 0.00161893393255
13068 412 8.86214305072 -0.00138480978518
13100 413 8.86395406528 0.00181101456616
13132 414 8.86555954864 0.00160548335543
13165 415 8.86418118421 -0.00137836442832
13197 416 8.86590626895 0.00172508473486
13229 417 8.86747223711 0.00156596816811
13262 418 8.86614139532 -0.00133084178998
13294 419 8.86777576323 0.00163436790695
13326 420 8.86928716764 0.00151140440869
13358 421 8.87057377589 0.00128660825231
13391 422 8.86956898557 -0.00100479031812
13423 423 8.87101746224 0.00144847666735
13455 424 8.87228700002 0.00126953777828
13488 425 8.87129022751 -0.000996772509836
13520 426 8.87267163055 0.00138140303977
13552 427 8.87390982523 0.00123819468467
13585 428 8.87294256156 -0.000967263675079
13617 429 8.8742554974 0.00131293584184
13649 430 8.87545382677 0.00119832936548
13682 431 8.87452837718 -0.000925449581814
13714 432 8.87577329332 0.00124491613894
13746 433 8.8769269724 0.00115367907983
13778 434 8.87786642004 0.000939447635858
13811 435 8.87722829857 -0.000638121472605
13843 436 8.87833503022 0.00110673165676
13875 437 8.87925762358 0.000922593359974
13908 438 8.87862322621 -0.000634397371471
13940 439 8.87968239117 0.00105916496284
13972 440 8.88058114754 0.000898756363881
14005 441 8.8799604556 -0.000620691939389
14037 442 8.88097257725 0.00101212164964
14069 443 8.88184301569 0.000870438438653
14102 444 8.88124217907 -0.000600836620322
14134 445 8.88220854782 0.000966368751847
14166 446 8.88304787191 0.000839324094045
14199 447 8.88247048708 -0.000577384829569
14231 448 8.8833928921 0.000922405021356
14263 449 8.8841994262 0.00080653409492
14296 450 8.88364742078 -0.000552005418342
14328 451 8.88452795129 0.000880530504105
14360 452 8.88530073507 0.000772783785976
14393 453 8.88477499942 -0.000525735646818
14425 454 8.88561589225 0.000840892821884
14457 455 8.88635437688 0.00073848463029
14490 456 8.88585523122 -0.000499145658068
14522 457 8.88665874776 0.000803516540032
14554 458 8.88736255693 0.000703809168726
14587 459 8.88689011321 -0.000472443716433
14619 460 8.88765844224 0.000768329034088
14651 461 8.88832717326 0.00066873101207
14684 462 8.88788163081 -0.000445542446528
14716 463 8.88861679663 0.000735165817446
14748 464 8.8892498434 0.000633046768542
14781 465 8.88883174403 -0.000418099369654
14813 466 8.88953552539 0.000703781366724
14845 467 8.89013191235 0.000596386956772
14878 468 8.88974237426 -0.00038953808621
14910 469 8.89041622374 0.00067384947539
14942 470 8.89097443618 0.000558212443309
14975 471 8.89061538695 -0.000359049234646
15007 472 8.89126035041 0.000644963458967
15039 473 8.89177814971 0.00051779929845
15072 474 8.89145257152 -0.000325578186334
15104 475 8.89206920265 0.000616631126093
15136 476 8.89254340887 0.000474206226897
15169 477 8.89225561748 -0.000287791391031
15201 478 8.89284388371 0.000588266224838
15233 479 8.8932701088 0.000426225090678
15266 480 8.8930260916 -0.000244017198611
15298 481 8.89358526279 0.000559171188229
15330 482 8.89395757345 0.000372310661248
15363 483 8.89376541068 -0.000192162764506
15395 484 8.8942939212 0.000528510520382
15428 485 8.89392357596 -0.000370345247916
15460 486 8.89447481081 0.000551234852367
15492 487 8.89497008393 0.000495273120578
15525 488 8.89462182555 -0.000348258375652
15557 489 8.89515531146 0.000533485905919
15589 490 8.89561352792 0.000458216462164
15622 491 8.89529285862 -0.00032066929947
15654 492 8.89580767118 0.000514812556503
15686 493 8.8962234604 0.000415789224064
15719 494 8.89593800547 -0.000285454932055
15751 495 8.89643233134 0.000494325868999
15783 496 8.89679835098 0.000366019646094
15816 497 8.89655837506 -0.000239975920238
15848 498 8.89702934629 0.000470971224615
15880 499 8.8973357029 0.000306356613748
15913 500 8.89715481799 -0.000180884910378
15945 501 8.89759828932 0.000443471327799
15978 502 8.89726610013 -0.000332189187475
16010 503 8.89772788055 0.000461780419926
16042 504 8.89813811864 0.000410238087511
16075 505 8.89782760804 -0.000310510601935
16107 506 8.89827774817 0.000450140135513
16139 507 8.89864699725 0.000369249071866
16172 508 8.89836927218 -0.000277725064279
16204 509 8.89880417157 0.000434899393042
16236 510 8.89912202427 0.00031785269266
16269 511 8.89889166048 -0.000230363789399
16301 512 8.89930636068 0.000414700203066
16333 513 8.89955886138 0.000252500696604
16366 514 8.89939499057 -0.000163870805409
16398 515 8.89978284248 0.000387851911569
16431 516 8.89947010971 -0.000312732769885
16463 517 8.89987906834 0.000408958629009
16495 518 8.90023123918 0.000352170834219
16528 519 8.89994361362 -0.000287625554222
16560 520 8.90034319921 0.000399585582727
16592 521 8.90064794928 0.000304750074861
16625 522 8.90040198078 -0.000245968495733
16657 523 8.90078607294 0.000384092152672
16689 524 8.901027685 0.000241612063064
16722 525 8.90084499116 -0.000182693837814
16754 526 8.90120558115 0.000360589990123
16787 527 8.90089678558 -0.000308795571868
16819 528 8.90127194623 0.00037516064549
16851 529 8.90159854543 0.000326599198957
16884 530 8.90131245675 -0.000286088672397
16916 531 8.90168157078 0.000369114028899
16948 532 8.9019603111 0.000278740322756
16981 533 8.90171641229 -0.000243898815029
17013 534 8.9020718584 0.000355446110802
17045 535 8.90228413311 0.000212274711203
17078 536 8.90210788659 -0.000176246519118
17110 537 8.90243983777 0.0003319511776
17143 538 8.9021365312 -0.000303306569094
17175 539 8.90248555679 0.000349025591845
17207 540 8.90278121089 0.000295654096135
17240 541 8.90250392977 -0.000277281115132
17272 542 8.90284740932 0.000343479549883
17304 543 8.90308979529 0.000242385969614
17337 544 8.90286212854 -0.000227666750334
17369 545 8.90319053401 0.000328405468508
17401 546 8.9033566793 0.000166145290791
17434 547 8.90320970331 -0.000146975994994
17466 548 8.90351079747 0.00030109415809
17499 549 8.90321599974 -0.000294797726838
17531 550 8.90354456156 0.000328561823267
17563 551 8.9038023276 0.000257766038771
17596 552 8.90354343269 -0.000258894910075
17628 553 8.90386375609 0.000320323397204
17660 554 8.90405670922 0.000192953128476
17693 555 8.90386309926 -0.000193609957023
17725 556 8.90416318354 0.000300084283253
17758 557 8.90385980424 -0.000303379307297
17790 558 8.90417277901 0.000312974770168
17822 559 8.90443709961 0.00026432060497
17855 560 8.90415913767 -0.000277961943993
17887 561 8.90446941978 0.000310282110945
17919 562 8.90467734131 0.000207921532137
17952 563 8.90445325004 -0.000224091267
17984 564 8.9047488527 0.000295602660003
18016 565 8.9048721252 0.000123272499764
18049 566 8.90473975872 -0.000132366485673
18081 567 8.90500532562 0.000265566899202
18114 568 8.90471564426 -0.000289681353706
18146 569 8.90501545808 0.000299813821812
18178 570 8.90523074063 0.000215282542854
18211 571 8.90498660759 -0.000244133032652
18243 572 8.90527604401 0.000289436419166
18275 573 8.90541344598 0.000137401969596
18308 574 8.9052520201 -0.000161425884244
18340 575 8.90551565407 0.000263633969325
18373 576 8.90521867853 -0.000296975542369
18405 577 8.9055084866 0.000289808073944
18437 578 8.90572610592 0.00021761932544
18470 579 8.90546886696 -0.00025723896465
18502 580 8.90575151232 0.000282645356265
18534 581 8.9058956637 0.000144151381051
18567 582 8.90571523877 -0.000180424930477
18599 583 8.90597504392 0.000259805152609
18632 584 8.90567343671 -0.0003016072111
18664 585 8.90595417973 0.000280743020085
18696 586 8.90617068897 0.000216509242591
18729 587 8.90590513368 -0.00026555528882
18761 588 8.90618096094 0.000275827255905
18793 589 8.90632644111 0.000145480169977
18826 590 8.90613444001 -0.000192001094661
18858 591 8.90638926841 0.000254828401353
18891 592 8.90608466734 -0.000304601077687
18923 593 8.90635749598 0.000272828641073
18955 594 8.90657038827 0.000212892287209
18988 595 8.90630002342 -0.000270364843573
19020 596 8.90656930069 0.00026927726401
19052 597 8.90671187118 0.000142570494518
19085 598 8.90651411492 -0.000197756256057
19117 599 8.90676321636 0.000249101437248
19150 600 8.90645671788 -0.000306498482473
19182 601 8.90672281462 0.000266096743985
19214 602 8.90693010353 0.000207288905472
19247 603 8.90665772358 -0.000272379949706
19279 604 8.9069208127 0.000263089120381
19311 605 8.90705690153 0.000136088833074
19344 606 8.90685829893 -0.000198602601699
19376 607 8.90710108467 0.000242785739715
19409 608 8.90679356897 -0.00030751570273
19441 609 8.9070540272 0.000260458236312
19473 610 8.90725396208 0.000199934876946
19506 611 8.90698203523 -0.000271926852406
19538 612 8.90723925255 0.000257217323906
19570 613 8.90736559732 0.000126344767409
19603 614 8.90717062037 -0.000194976951434
19635 615 8.90740649918 0.000235878816284
19668 616 8.90709885342 -0.00030764576843
19700 617 8.90735459663 0.000255743211369
19732 618 8.90754545966 0.000190863028251
19765 619 8.90727640056 -0.000269059096013
19797 620 8.90752792249 0.000251521933137
19829 621 8.90764131131 0.000113388821774
19862 622 8.90745433941 -0.00018697190967
19894 623 8.90768260062 0.00022826121301
19927 624 8.90737587744 -0.000306723177459
19959 625 8.90762760446 0.000251727016916
19991 626 8.90780756048 0.000179956027182
20024 627 8.90754393064 -0.000263629847609
20056 628 8.90778972475 0.000245794116495
20088 629 8.90788679493 9.70701743199e-05
20121 630 8.90771237557 -0.000174419353471
20153 631 8.90793210147 0.000219725893203
20186 632 8.90762763668 -0.000304464790702
20218 633 8.90787578329 0.000248146611398
20250 634 8.90804276147 0.000166978182051
20283 635 8.90778742383 -0.000255337643466
20315 636 8.90802719908 0.000239775251657
20347 637 8.90810427144 7.70723595451e-05
20380 638 8.90794733565 -0.000156935792802
20412 639 8.90815733121 0.000209995561931
20445 640 8.90785683109 -0.00030050011344
20477 641 8.90810154452 0.000244713429879
20509 642 8.90825313722 0.000151592698217
20542 643 8.90800938521 -0.000243752010533
20574 644 8.90824255277 0.000233167555052
20606 645 8.90829548148 5.29287096924e-05
20639 646 8.90816153097 -0.000133950508143
20671 647 8.90836026426 0.000198733291427
20704 648 8.90806588331 -0.000294380953164
20736 649 8.90830700241 0.00024111910318
20768 650 8.90844037191 0.000133369499508
20801 651 8.90821204515 -0.00022832676143
20833 652 8.90843768512 0.000225639968789
20866 653 8.90812003868 -0.000317646434041
20898 654 8.90835699946 0.000236960778466
20930 655 8.9085425452 0.000185545738532
20963 656 8.90825695444 -0.000285590754856
20995 657 8.90849399355 0.000237039108811
21027 658 8.90860577804 0.000111784482215
21060 659 8.90839737624 -0.000208401790587
21092 660 8.90861420567 0.000216829428609
21125 661 8.90829940806 -0.000314797614806
21157 662 8.90853552298 0.000236114921449
21189 663 8.90870550351 0.000169980531837
21222 664 8.90843195967 -0.00027354383792
21254 665 8.90866409251 0.000232132839642
21286 666 8.90875030404 8.62115256268e-05
21319 667 8.90856711083 -0.000183193208159
21351 668 8.90877344878 0.000206337949294
21384 669 8.90846386619 -0.000309582586965
21416 670 8.908698641 0.00023477481011
21448 671 8.90885016127 0.000151520267536
21481 672 8.90859258377 -0.000257577505522
21513 673 8.90881862723 0.00022604346691
21545 674 8.90887453783 5.59105970979e-05
21578 675 8.90872275396 -0.000151783866613
21610 676 8.90891648218 0.000193728220779
21643 677 8.90861505517 -0.000301427014733
21675 678 8.90884766653 0.000232611364936
21707 679 8.90897723729 0.000129570753757
21740 680 8.90874029611 -0.000236941179992
21772 681 8.90895868763 0.00021839152646
21805 682 8.90863712155 -0.000321566084949
21837 683 8.90886559731 0.000228475758718
21869 684 8.90904411255 0.000178515237621
21902 685 8.90875440997 -0.000289702576652
21934 686 8.90898369702 0.000229287050843
21966 687 8.90908714311 0.000103446091885
21999 688 8.90887636734 -0.000210775769233
22031 689 8.9090851368 0.00020876945598
22064 690 8.90876770933 -0.000317427466939
22096 691 8.90899673424 0.000229024909231
22128 692 8.90915688733 0.000160153085289
22161 693 8.9088831741 -0.000273713230854
22193 694 8.9091076239 0.000224449804136
22225 695 8.90917997267 7.23487738696e-05
22258 696 8.90900187904 -0.000178093629756
22290 697 8.909198612 0.000196732958329
22323 698 8.9088886733 -0.000309938698479
22355 699 8.90911706998 0.000228396681223
22387 700 8.90925508984 0.000138019856877
22420 701 8.90900241341 -0.000252676429341
22452 702 8.90922013954 0.000217726125129
22484 703 8.90925548414 3.53446071131e-05
22517 704 8.90911773419 -0.000137749952955
22549 705 8.90929952233 0.000181788140594
22582 706 8.90900105724 -0.000298465093124
22614 707 8.90922732576 0.00022626852558
22646 708 8.90933872463 0.000111398869649
22679 709 8.90911302589 -0.000225698740792
22711 710 8.90932174025 0.00020871435504
22744 711 8.90900010861 -0.000321631636439
22776 712 8.90922467323 0.000224564617838
22808 713 8.90938805163 0.000163378402362
22841 714 8.90910575083 -0.000282300802041
22873 715 8.90932805272 0.000222301889607
22905 716 8.90940750751 7.94547869418e-05
22938 717 8.9092157562 -0.000191751309899
22970 718 8.90941272786 0.000196971659989
23003 719 8.90909827291 -0.00031445494551
23035 720 8.90932327686 0.0002250039513
23067 721 8.90946414155 0.000140864685363
23100 722 8.90920349488 -0.000260646664969
23132 723 8.90941962947 0.000216134585798
23164 724 8.90946083571 4.12062452142e-05
23197 725 8.90931119937 -0.000149636346464
23229 726 8.90949320086 0.000182001493386
23262 727 8.90919033851 -0.000302862354374
23294 728 8.90941397093 0.000223632422035
23326 729 8.90952747535 0.000113504424462
23359 730 8.90929489169 -0.000232583657976
23391 731 8.90950226265 0.000207370952353
23424 732 8.90917838032 -0.000323882323528
23456 733 8.90939981299 0.000221432665853
23488 734 8.90956305055 0.000163237557672
23521 735 8.90927690984 -0.000286140704361
23553 736 8.90949703438 0.00022012454167
23585 737 8.90957746123 8.04268440788e-05
23618 738 8.90938041607 -0.000197045157961
23650 739 8.90957598638 0.000195570308961
23683 740 8.90925943016 -0.000316556217058
23715 741 8.90948192183 0.000222491668183
23747 742 8.90962194436 0.000140022533287
23780 743 8.90935847037 -0.000263473993186
23812 744 8.90957259785 0.000214127476056
23844 745 8.90961319875 4.06009055496e-05
23877 746 8.9094604202 -0.000152778552433
23909 747 8.90964065039 0.000180230191404
23942 748 8.90933625261 -0.000304397785953
23974 749 8.90955771792 0.000221465313416
24006 750 8.90966930344 0.000111585520813
24039 751 8.90943538988 -0.000233913561601
24071 752 8.90964063793 0.000205248054158
24104 753 8.90931572293 -0.000324915002011
24136 754 8.90953513913 0.000219416197638
24168 755 8.90969590939 0.000160770263278
24201 756 8.90940922772 -0.00028668166965
24233 757 8.90962726434 0.000218036615365
24265 758 8.90970427751 7.70131698573e-05
24298 759 8.90950792899 -0.000196348516397
24330 760 8.90970097152 0.00019304252703
24363 761 8.90938399002 -0.000316981493825
24395 762 8.90960469349 0.000220703461991
24427 763 8.90974120335 0.000136509866138
24460 764 8.90947863546 -0.000262567887034
24492 765 8.90969049213 0.000211856669694
24524 766 8.90972571153 3.52193968638e-05
24557 767 8.90957624822 -0.0001494633118
24589 768 8.90975324563 0.000176997406584
24622 769 8.90944942529 -0.000303820337081
24654 770 8.90966908885 0.000219663557459
24686 771 8.90977573069 0.000106641845377
24719 772 8.90954466063 -0.000231070062341
24751 773 8.90974719146 0.000202530828346
24784 774 8.90942217525 -0.000325016207057
24816 775 8.90964040558 0.00021823032796
24848 776 8.90979691781 0.000156512228841
24881 777 8.90951223165 -0.000284686153122
24913 778 8.90972821691 0.00021598525143
24945 779 8.90979842051 7.02036084022e-05
24978 780 8.9096073976 -0.000191022915487